{
 "cells": [
  {
   "cell_type": "markdown",
   "id": "f0bce1c2-a8f0-4588-9def-82cd53481246",
   "metadata": {},
   "source": [
    "# Analysis of Paper IC of sm,smi, smo"
   ]
  },
  {
   "cell_type": "markdown",
   "id": "a026ad43-26dd-42a2-96f6-32f66ed73c7f",
   "metadata": {},
   "source": [
    "First we will calculate molecular descriptor of SMI SMO SM"
   ]
  },
  {
   "cell_type": "code",
   "execution_count": 1,
   "id": "800d4d91-c983-4c08-8fba-fd87b31a4534",
   "metadata": {},
   "outputs": [],
   "source": [
    "from rdkit import Chem\n",
    "from rdkit.Chem import Draw\n",
    "from rdkit.Chem.Draw import IPythonConsole\n",
    "from rdkit.Chem import Descriptors\n",
    "from rdkit.Chem import AllChem\n",
    "from rdkit import DataStructs\n",
    "import numpy as np\n",
    "import pandas as pd\n",
    "import scipy.stats\n",
    "%matplotlib inline\n",
    "import matplotlib.pyplot as plt\n",
    "import seaborn as sns"
   ]
  },
  {
   "cell_type": "code",
   "execution_count": 2,
   "id": "648d10d8-16b7-47aa-b90b-595a041ede52",
   "metadata": {},
   "outputs": [],
   "source": [
    "df = pd.read_csv('rawcorrelation.csv')"
   ]
  },
  {
   "cell_type": "code",
   "execution_count": 3,
   "id": "ecd55d71-7c1f-4b0d-ac47-ba4ab0ab1056",
   "metadata": {},
   "outputs": [
    {
     "data": {
      "text/html": [
       "<div>\n",
       "<style scoped>\n",
       "    .dataframe tbody tr th:only-of-type {\n",
       "        vertical-align: middle;\n",
       "    }\n",
       "\n",
       "    .dataframe tbody tr th {\n",
       "        vertical-align: top;\n",
       "    }\n",
       "\n",
       "    .dataframe thead th {\n",
       "        text-align: right;\n",
       "    }\n",
       "</style>\n",
       "<table border=\"1\" class=\"dataframe\">\n",
       "  <thead>\n",
       "    <tr style=\"text-align: right;\">\n",
       "      <th></th>\n",
       "      <th>Unnamed: 0</th>\n",
       "      <th>CM_SK_37</th>\n",
       "      <th>CM_SK_4</th>\n",
       "      <th>CM_Ve_37</th>\n",
       "      <th>CM_Ve_4</th>\n",
       "      <th>Papp_SK</th>\n",
       "      <th>Papp_Ve</th>\n",
       "      <th>MW</th>\n",
       "      <th>logD7.4</th>\n",
       "      <th>logP</th>\n",
       "      <th>logkp</th>\n",
       "      <th>PSA</th>\n",
       "      <th>pKa</th>\n",
       "      <th>logS</th>\n",
       "      <th>Donors</th>\n",
       "      <th>Acceptors</th>\n",
       "      <th>Rotatable</th>\n",
       "    </tr>\n",
       "  </thead>\n",
       "  <tbody>\n",
       "    <tr>\n",
       "      <th>0</th>\n",
       "      <td>sesamol</td>\n",
       "      <td>0.013680</td>\n",
       "      <td>0.009350</td>\n",
       "      <td>0.012759</td>\n",
       "      <td>0.005388</td>\n",
       "      <td>0.07</td>\n",
       "      <td>0.10</td>\n",
       "      <td>138.12</td>\n",
       "      <td>1.29</td>\n",
       "      <td>1.29</td>\n",
       "      <td>-6.27</td>\n",
       "      <td>38.7</td>\n",
       "      <td>9.79</td>\n",
       "      <td>-1.55</td>\n",
       "      <td>1</td>\n",
       "      <td>3</td>\n",
       "      <td>0</td>\n",
       "    </tr>\n",
       "    <tr>\n",
       "      <th>1</th>\n",
       "      <td>sesamin</td>\n",
       "      <td>0.495888</td>\n",
       "      <td>0.343954</td>\n",
       "      <td>0.094952</td>\n",
       "      <td>0.211082</td>\n",
       "      <td>0.15</td>\n",
       "      <td>0.10</td>\n",
       "      <td>354.35</td>\n",
       "      <td>2.45</td>\n",
       "      <td>2.45</td>\n",
       "      <td>-6.56</td>\n",
       "      <td>55.4</td>\n",
       "      <td>0.00</td>\n",
       "      <td>-4.60</td>\n",
       "      <td>0</td>\n",
       "      <td>6</td>\n",
       "      <td>2</td>\n",
       "    </tr>\n",
       "    <tr>\n",
       "      <th>2</th>\n",
       "      <td>sesamolin</td>\n",
       "      <td>1.790225</td>\n",
       "      <td>1.553643</td>\n",
       "      <td>0.248770</td>\n",
       "      <td>0.187070</td>\n",
       "      <td>0.33</td>\n",
       "      <td>0.17</td>\n",
       "      <td>370.35</td>\n",
       "      <td>2.74</td>\n",
       "      <td>2.74</td>\n",
       "      <td>-6.44</td>\n",
       "      <td>64.6</td>\n",
       "      <td>0.00</td>\n",
       "      <td>-4.33</td>\n",
       "      <td>0</td>\n",
       "      <td>7</td>\n",
       "      <td>3</td>\n",
       "    </tr>\n",
       "  </tbody>\n",
       "</table>\n",
       "</div>"
      ],
      "text/plain": [
       "  Unnamed: 0  CM_SK_37   CM_SK_4  CM_Ve_37   CM_Ve_4  Papp_SK  Papp_Ve  \\\n",
       "0    sesamol  0.013680  0.009350  0.012759  0.005388     0.07     0.10   \n",
       "1    sesamin  0.495888  0.343954  0.094952  0.211082     0.15     0.10   \n",
       "2  sesamolin  1.790225  1.553643  0.248770  0.187070     0.33     0.17   \n",
       "\n",
       "       MW  logD7.4  logP  logkp   PSA   pKa  logS  Donors  Acceptors  \\\n",
       "0  138.12     1.29  1.29  -6.27  38.7  9.79 -1.55       1          3   \n",
       "1  354.35     2.45  2.45  -6.56  55.4  0.00 -4.60       0          6   \n",
       "2  370.35     2.74  2.74  -6.44  64.6  0.00 -4.33       0          7   \n",
       "\n",
       "   Rotatable  \n",
       "0          0  \n",
       "1          2  \n",
       "2          3  "
      ]
     },
     "execution_count": 3,
     "metadata": {},
     "output_type": "execute_result"
    }
   ],
   "source": [
    "df"
   ]
  },
  {
   "cell_type": "code",
   "execution_count": 4,
   "id": "dba1ad80-dd09-40ac-a12a-6bc48f49a782",
   "metadata": {},
   "outputs": [],
   "source": [
    "df2 = df.drop(columns=['Unnamed: 0'])"
   ]
  },
  {
   "cell_type": "code",
   "execution_count": 5,
   "id": "dd581fbe-c9a4-4e52-8a39-018b00306358",
   "metadata": {},
   "outputs": [
    {
     "data": {
      "text/html": [
       "<div>\n",
       "<style scoped>\n",
       "    .dataframe tbody tr th:only-of-type {\n",
       "        vertical-align: middle;\n",
       "    }\n",
       "\n",
       "    .dataframe tbody tr th {\n",
       "        vertical-align: top;\n",
       "    }\n",
       "\n",
       "    .dataframe thead th {\n",
       "        text-align: right;\n",
       "    }\n",
       "</style>\n",
       "<table border=\"1\" class=\"dataframe\">\n",
       "  <thead>\n",
       "    <tr style=\"text-align: right;\">\n",
       "      <th></th>\n",
       "      <th>CM_SK_37</th>\n",
       "      <th>CM_SK_4</th>\n",
       "      <th>CM_Ve_37</th>\n",
       "      <th>CM_Ve_4</th>\n",
       "      <th>Papp_SK</th>\n",
       "      <th>Papp_Ve</th>\n",
       "      <th>MW</th>\n",
       "      <th>logD7.4</th>\n",
       "      <th>logP</th>\n",
       "      <th>logkp</th>\n",
       "      <th>PSA</th>\n",
       "      <th>pKa</th>\n",
       "      <th>logS</th>\n",
       "      <th>Donors</th>\n",
       "      <th>Acceptors</th>\n",
       "      <th>Rotatable</th>\n",
       "    </tr>\n",
       "  </thead>\n",
       "  <tbody>\n",
       "    <tr>\n",
       "      <th>0</th>\n",
       "      <td>0.013680</td>\n",
       "      <td>0.009350</td>\n",
       "      <td>0.012759</td>\n",
       "      <td>0.005388</td>\n",
       "      <td>0.07</td>\n",
       "      <td>0.10</td>\n",
       "      <td>138.12</td>\n",
       "      <td>1.29</td>\n",
       "      <td>1.29</td>\n",
       "      <td>-6.27</td>\n",
       "      <td>38.7</td>\n",
       "      <td>9.79</td>\n",
       "      <td>-1.55</td>\n",
       "      <td>1</td>\n",
       "      <td>3</td>\n",
       "      <td>0</td>\n",
       "    </tr>\n",
       "    <tr>\n",
       "      <th>1</th>\n",
       "      <td>0.495888</td>\n",
       "      <td>0.343954</td>\n",
       "      <td>0.094952</td>\n",
       "      <td>0.211082</td>\n",
       "      <td>0.15</td>\n",
       "      <td>0.10</td>\n",
       "      <td>354.35</td>\n",
       "      <td>2.45</td>\n",
       "      <td>2.45</td>\n",
       "      <td>-6.56</td>\n",
       "      <td>55.4</td>\n",
       "      <td>0.00</td>\n",
       "      <td>-4.60</td>\n",
       "      <td>0</td>\n",
       "      <td>6</td>\n",
       "      <td>2</td>\n",
       "    </tr>\n",
       "    <tr>\n",
       "      <th>2</th>\n",
       "      <td>1.790225</td>\n",
       "      <td>1.553643</td>\n",
       "      <td>0.248770</td>\n",
       "      <td>0.187070</td>\n",
       "      <td>0.33</td>\n",
       "      <td>0.17</td>\n",
       "      <td>370.35</td>\n",
       "      <td>2.74</td>\n",
       "      <td>2.74</td>\n",
       "      <td>-6.44</td>\n",
       "      <td>64.6</td>\n",
       "      <td>0.00</td>\n",
       "      <td>-4.33</td>\n",
       "      <td>0</td>\n",
       "      <td>7</td>\n",
       "      <td>3</td>\n",
       "    </tr>\n",
       "  </tbody>\n",
       "</table>\n",
       "</div>"
      ],
      "text/plain": [
       "   CM_SK_37   CM_SK_4  CM_Ve_37   CM_Ve_4  Papp_SK  Papp_Ve      MW  logD7.4  \\\n",
       "0  0.013680  0.009350  0.012759  0.005388     0.07     0.10  138.12     1.29   \n",
       "1  0.495888  0.343954  0.094952  0.211082     0.15     0.10  354.35     2.45   \n",
       "2  1.790225  1.553643  0.248770  0.187070     0.33     0.17  370.35     2.74   \n",
       "\n",
       "   logP  logkp   PSA   pKa  logS  Donors  Acceptors  Rotatable  \n",
       "0  1.29  -6.27  38.7  9.79 -1.55       1          3          0  \n",
       "1  2.45  -6.56  55.4  0.00 -4.60       0          6          2  \n",
       "2  2.74  -6.44  64.6  0.00 -4.33       0          7          3  "
      ]
     },
     "execution_count": 5,
     "metadata": {},
     "output_type": "execute_result"
    }
   ],
   "source": [
    "df2"
   ]
  },
  {
   "cell_type": "code",
   "execution_count": 6,
   "id": "12ca50b5-2aed-41b9-ae18-cb5ce4063120",
   "metadata": {},
   "outputs": [
    {
     "data": {
      "text/html": [
       "<div>\n",
       "<style scoped>\n",
       "    .dataframe tbody tr th:only-of-type {\n",
       "        vertical-align: middle;\n",
       "    }\n",
       "\n",
       "    .dataframe tbody tr th {\n",
       "        vertical-align: top;\n",
       "    }\n",
       "\n",
       "    .dataframe thead th {\n",
       "        text-align: right;\n",
       "    }\n",
       "</style>\n",
       "<table border=\"1\" class=\"dataframe\">\n",
       "  <thead>\n",
       "    <tr style=\"text-align: right;\">\n",
       "      <th></th>\n",
       "      <th>CM_SK_37</th>\n",
       "      <th>CM_SK_4</th>\n",
       "      <th>CM_Ve_37</th>\n",
       "      <th>CM_Ve_4</th>\n",
       "      <th>Papp_SK</th>\n",
       "      <th>Papp_Ve</th>\n",
       "      <th>MW</th>\n",
       "      <th>logD7.4</th>\n",
       "      <th>logP</th>\n",
       "      <th>logkp</th>\n",
       "      <th>PSA</th>\n",
       "      <th>pKa</th>\n",
       "      <th>logS</th>\n",
       "      <th>Donors</th>\n",
       "      <th>Acceptors</th>\n",
       "      <th>Rotatable</th>\n",
       "    </tr>\n",
       "  </thead>\n",
       "  <tbody>\n",
       "    <tr>\n",
       "      <th>CM_SK_37</th>\n",
       "      <td>1.0***</td>\n",
       "      <td>0.998*</td>\n",
       "      <td>0.996</td>\n",
       "      <td>0.631</td>\n",
       "      <td>0.999*</td>\n",
       "      <td>0.965</td>\n",
       "      <td>0.752</td>\n",
       "      <td>0.83</td>\n",
       "      <td>0.83</td>\n",
       "      <td>-0.357</td>\n",
       "      <td>0.912</td>\n",
       "      <td>-0.71</td>\n",
       "      <td>-0.651</td>\n",
       "      <td>-0.71</td>\n",
       "      <td>0.858</td>\n",
       "      <td>0.901</td>\n",
       "    </tr>\n",
       "    <tr>\n",
       "      <th>CM_SK_4</th>\n",
       "      <td>0.998*</td>\n",
       "      <td>1.0***</td>\n",
       "      <td>0.99</td>\n",
       "      <td>0.584</td>\n",
       "      <td>0.995</td>\n",
       "      <td>0.979</td>\n",
       "      <td>0.712</td>\n",
       "      <td>0.796</td>\n",
       "      <td>0.796</td>\n",
       "      <td>-0.302</td>\n",
       "      <td>0.886</td>\n",
       "      <td>-0.668</td>\n",
       "      <td>-0.606</td>\n",
       "      <td>-0.668</td>\n",
       "      <td>0.827</td>\n",
       "      <td>0.875</td>\n",
       "    </tr>\n",
       "    <tr>\n",
       "      <th>CM_Ve_37</th>\n",
       "      <td>0.996</td>\n",
       "      <td>0.99</td>\n",
       "      <td>1.0***</td>\n",
       "      <td>0.694</td>\n",
       "      <td>0.999*</td>\n",
       "      <td>0.939</td>\n",
       "      <td>0.805</td>\n",
       "      <td>0.874</td>\n",
       "      <td>0.874</td>\n",
       "      <td>-0.434</td>\n",
       "      <td>0.943</td>\n",
       "      <td>-0.767</td>\n",
       "      <td>-0.713</td>\n",
       "      <td>-0.767</td>\n",
       "      <td>0.898</td>\n",
       "      <td>0.935</td>\n",
       "    </tr>\n",
       "    <tr>\n",
       "      <th>CM_Ve_4</th>\n",
       "      <td>0.631</td>\n",
       "      <td>0.584</td>\n",
       "      <td>0.694</td>\n",
       "      <td>1.0***</td>\n",
       "      <td>0.661</td>\n",
       "      <td>0.405</td>\n",
       "      <td>0.986</td>\n",
       "      <td>0.956</td>\n",
       "      <td>0.956</td>\n",
       "      <td>-0.95</td>\n",
       "      <td>0.894</td>\n",
       "      <td>-0.994</td>\n",
       "      <td>-1.0*</td>\n",
       "      <td>-0.994</td>\n",
       "      <td>0.94</td>\n",
       "      <td>0.905</td>\n",
       "    </tr>\n",
       "    <tr>\n",
       "      <th>Papp_SK</th>\n",
       "      <td>0.999*</td>\n",
       "      <td>0.995</td>\n",
       "      <td>0.999*</td>\n",
       "      <td>0.661</td>\n",
       "      <td>1.0***</td>\n",
       "      <td>0.954</td>\n",
       "      <td>0.777</td>\n",
       "      <td>0.851</td>\n",
       "      <td>0.851</td>\n",
       "      <td>-0.393</td>\n",
       "      <td>0.927</td>\n",
       "      <td>-0.737</td>\n",
       "      <td>-0.681</td>\n",
       "      <td>-0.737</td>\n",
       "      <td>0.878</td>\n",
       "      <td>0.918</td>\n",
       "    </tr>\n",
       "    <tr>\n",
       "      <th>Papp_Ve</th>\n",
       "      <td>0.965</td>\n",
       "      <td>0.979</td>\n",
       "      <td>0.939</td>\n",
       "      <td>0.405</td>\n",
       "      <td>0.954</td>\n",
       "      <td>1.0***</td>\n",
       "      <td>0.552</td>\n",
       "      <td>0.655</td>\n",
       "      <td>0.655</td>\n",
       "      <td>-0.099</td>\n",
       "      <td>0.772</td>\n",
       "      <td>-0.5</td>\n",
       "      <td>-0.429</td>\n",
       "      <td>-0.5</td>\n",
       "      <td>0.693</td>\n",
       "      <td>0.756</td>\n",
       "    </tr>\n",
       "    <tr>\n",
       "      <th>MW</th>\n",
       "      <td>0.752</td>\n",
       "      <td>0.712</td>\n",
       "      <td>0.805</td>\n",
       "      <td>0.986</td>\n",
       "      <td>0.777</td>\n",
       "      <td>0.552</td>\n",
       "      <td>1.0***</td>\n",
       "      <td>0.992</td>\n",
       "      <td>0.992</td>\n",
       "      <td>-0.884</td>\n",
       "      <td>0.956</td>\n",
       "      <td>-0.998*</td>\n",
       "      <td>-0.99</td>\n",
       "      <td>-0.998*</td>\n",
       "      <td>0.984</td>\n",
       "      <td>0.963</td>\n",
       "    </tr>\n",
       "    <tr>\n",
       "      <th>logD7.4</th>\n",
       "      <td>0.83</td>\n",
       "      <td>0.796</td>\n",
       "      <td>0.874</td>\n",
       "      <td>0.956</td>\n",
       "      <td>0.851</td>\n",
       "      <td>0.655</td>\n",
       "      <td>0.992</td>\n",
       "      <td>1.0***</td>\n",
       "      <td>1.0***</td>\n",
       "      <td>-0.817</td>\n",
       "      <td>0.986</td>\n",
       "      <td>-0.982</td>\n",
       "      <td>-0.964</td>\n",
       "      <td>-0.982</td>\n",
       "      <td>0.999*</td>\n",
       "      <td>0.99</td>\n",
       "    </tr>\n",
       "    <tr>\n",
       "      <th>logP</th>\n",
       "      <td>0.83</td>\n",
       "      <td>0.796</td>\n",
       "      <td>0.874</td>\n",
       "      <td>0.956</td>\n",
       "      <td>0.851</td>\n",
       "      <td>0.655</td>\n",
       "      <td>0.992</td>\n",
       "      <td>1.0***</td>\n",
       "      <td>1.0***</td>\n",
       "      <td>-0.817</td>\n",
       "      <td>0.986</td>\n",
       "      <td>-0.982</td>\n",
       "      <td>-0.964</td>\n",
       "      <td>-0.982</td>\n",
       "      <td>0.999*</td>\n",
       "      <td>0.99</td>\n",
       "    </tr>\n",
       "    <tr>\n",
       "      <th>logkp</th>\n",
       "      <td>-0.357</td>\n",
       "      <td>-0.302</td>\n",
       "      <td>-0.434</td>\n",
       "      <td>-0.95</td>\n",
       "      <td>-0.393</td>\n",
       "      <td>-0.099</td>\n",
       "      <td>-0.884</td>\n",
       "      <td>-0.817</td>\n",
       "      <td>-0.817</td>\n",
       "      <td>1.0***</td>\n",
       "      <td>-0.709</td>\n",
       "      <td>0.911</td>\n",
       "      <td>0.941</td>\n",
       "      <td>0.911</td>\n",
       "      <td>-0.786</td>\n",
       "      <td>-0.726</td>\n",
       "    </tr>\n",
       "    <tr>\n",
       "      <th>PSA</th>\n",
       "      <td>0.912</td>\n",
       "      <td>0.886</td>\n",
       "      <td>0.943</td>\n",
       "      <td>0.894</td>\n",
       "      <td>0.927</td>\n",
       "      <td>0.772</td>\n",
       "      <td>0.956</td>\n",
       "      <td>0.986</td>\n",
       "      <td>0.986</td>\n",
       "      <td>-0.709</td>\n",
       "      <td>1.0***</td>\n",
       "      <td>-0.937</td>\n",
       "      <td>-0.906</td>\n",
       "      <td>-0.937</td>\n",
       "      <td>0.993</td>\n",
       "      <td>1.0*</td>\n",
       "    </tr>\n",
       "    <tr>\n",
       "      <th>pKa</th>\n",
       "      <td>-0.71</td>\n",
       "      <td>-0.668</td>\n",
       "      <td>-0.767</td>\n",
       "      <td>-0.994</td>\n",
       "      <td>-0.737</td>\n",
       "      <td>-0.5</td>\n",
       "      <td>-0.998*</td>\n",
       "      <td>-0.982</td>\n",
       "      <td>-0.982</td>\n",
       "      <td>0.911</td>\n",
       "      <td>-0.937</td>\n",
       "      <td>1.0***</td>\n",
       "      <td>0.997</td>\n",
       "      <td>1.0***</td>\n",
       "      <td>-0.971</td>\n",
       "      <td>-0.945</td>\n",
       "    </tr>\n",
       "    <tr>\n",
       "      <th>logS</th>\n",
       "      <td>-0.651</td>\n",
       "      <td>-0.606</td>\n",
       "      <td>-0.713</td>\n",
       "      <td>-1.0*</td>\n",
       "      <td>-0.681</td>\n",
       "      <td>-0.429</td>\n",
       "      <td>-0.99</td>\n",
       "      <td>-0.964</td>\n",
       "      <td>-0.964</td>\n",
       "      <td>0.941</td>\n",
       "      <td>-0.906</td>\n",
       "      <td>0.997</td>\n",
       "      <td>1.0***</td>\n",
       "      <td>0.997</td>\n",
       "      <td>-0.948</td>\n",
       "      <td>-0.916</td>\n",
       "    </tr>\n",
       "    <tr>\n",
       "      <th>Donors</th>\n",
       "      <td>-0.71</td>\n",
       "      <td>-0.668</td>\n",
       "      <td>-0.767</td>\n",
       "      <td>-0.994</td>\n",
       "      <td>-0.737</td>\n",
       "      <td>-0.5</td>\n",
       "      <td>-0.998*</td>\n",
       "      <td>-0.982</td>\n",
       "      <td>-0.982</td>\n",
       "      <td>0.911</td>\n",
       "      <td>-0.937</td>\n",
       "      <td>1.0***</td>\n",
       "      <td>0.997</td>\n",
       "      <td>1.0***</td>\n",
       "      <td>-0.971</td>\n",
       "      <td>-0.945</td>\n",
       "    </tr>\n",
       "    <tr>\n",
       "      <th>Acceptors</th>\n",
       "      <td>0.858</td>\n",
       "      <td>0.827</td>\n",
       "      <td>0.898</td>\n",
       "      <td>0.94</td>\n",
       "      <td>0.878</td>\n",
       "      <td>0.693</td>\n",
       "      <td>0.984</td>\n",
       "      <td>0.999*</td>\n",
       "      <td>0.999*</td>\n",
       "      <td>-0.786</td>\n",
       "      <td>0.993</td>\n",
       "      <td>-0.971</td>\n",
       "      <td>-0.948</td>\n",
       "      <td>-0.971</td>\n",
       "      <td>1.0***</td>\n",
       "      <td>0.996</td>\n",
       "    </tr>\n",
       "    <tr>\n",
       "      <th>Rotatable</th>\n",
       "      <td>0.901</td>\n",
       "      <td>0.875</td>\n",
       "      <td>0.935</td>\n",
       "      <td>0.905</td>\n",
       "      <td>0.918</td>\n",
       "      <td>0.756</td>\n",
       "      <td>0.963</td>\n",
       "      <td>0.99</td>\n",
       "      <td>0.99</td>\n",
       "      <td>-0.726</td>\n",
       "      <td>1.0*</td>\n",
       "      <td>-0.945</td>\n",
       "      <td>-0.916</td>\n",
       "      <td>-0.945</td>\n",
       "      <td>0.996</td>\n",
       "      <td>1.0***</td>\n",
       "    </tr>\n",
       "  </tbody>\n",
       "</table>\n",
       "</div>"
      ],
      "text/plain": [
       "          CM_SK_37 CM_SK_4 CM_Ve_37 CM_Ve_4 Papp_SK Papp_Ve       MW logD7.4  \\\n",
       "CM_SK_37    1.0***  0.998*    0.996   0.631  0.999*   0.965    0.752    0.83   \n",
       "CM_SK_4     0.998*  1.0***     0.99   0.584   0.995   0.979    0.712   0.796   \n",
       "CM_Ve_37     0.996    0.99   1.0***   0.694  0.999*   0.939    0.805   0.874   \n",
       "CM_Ve_4      0.631   0.584    0.694  1.0***   0.661   0.405    0.986   0.956   \n",
       "Papp_SK     0.999*   0.995   0.999*   0.661  1.0***   0.954    0.777   0.851   \n",
       "Papp_Ve      0.965   0.979    0.939   0.405   0.954  1.0***    0.552   0.655   \n",
       "MW           0.752   0.712    0.805   0.986   0.777   0.552   1.0***   0.992   \n",
       "logD7.4       0.83   0.796    0.874   0.956   0.851   0.655    0.992  1.0***   \n",
       "logP          0.83   0.796    0.874   0.956   0.851   0.655    0.992  1.0***   \n",
       "logkp       -0.357  -0.302   -0.434   -0.95  -0.393  -0.099   -0.884  -0.817   \n",
       "PSA          0.912   0.886    0.943   0.894   0.927   0.772    0.956   0.986   \n",
       "pKa          -0.71  -0.668   -0.767  -0.994  -0.737    -0.5  -0.998*  -0.982   \n",
       "logS        -0.651  -0.606   -0.713   -1.0*  -0.681  -0.429    -0.99  -0.964   \n",
       "Donors       -0.71  -0.668   -0.767  -0.994  -0.737    -0.5  -0.998*  -0.982   \n",
       "Acceptors    0.858   0.827    0.898    0.94   0.878   0.693    0.984  0.999*   \n",
       "Rotatable    0.901   0.875    0.935   0.905   0.918   0.756    0.963    0.99   \n",
       "\n",
       "             logP   logkp     PSA      pKa    logS   Donors Acceptors  \\\n",
       "CM_SK_37     0.83  -0.357   0.912    -0.71  -0.651    -0.71     0.858   \n",
       "CM_SK_4     0.796  -0.302   0.886   -0.668  -0.606   -0.668     0.827   \n",
       "CM_Ve_37    0.874  -0.434   0.943   -0.767  -0.713   -0.767     0.898   \n",
       "CM_Ve_4     0.956   -0.95   0.894   -0.994   -1.0*   -0.994      0.94   \n",
       "Papp_SK     0.851  -0.393   0.927   -0.737  -0.681   -0.737     0.878   \n",
       "Papp_Ve     0.655  -0.099   0.772     -0.5  -0.429     -0.5     0.693   \n",
       "MW          0.992  -0.884   0.956  -0.998*   -0.99  -0.998*     0.984   \n",
       "logD7.4    1.0***  -0.817   0.986   -0.982  -0.964   -0.982    0.999*   \n",
       "logP       1.0***  -0.817   0.986   -0.982  -0.964   -0.982    0.999*   \n",
       "logkp      -0.817  1.0***  -0.709    0.911   0.941    0.911    -0.786   \n",
       "PSA         0.986  -0.709  1.0***   -0.937  -0.906   -0.937     0.993   \n",
       "pKa        -0.982   0.911  -0.937   1.0***   0.997   1.0***    -0.971   \n",
       "logS       -0.964   0.941  -0.906    0.997  1.0***    0.997    -0.948   \n",
       "Donors     -0.982   0.911  -0.937   1.0***   0.997   1.0***    -0.971   \n",
       "Acceptors  0.999*  -0.786   0.993   -0.971  -0.948   -0.971    1.0***   \n",
       "Rotatable    0.99  -0.726    1.0*   -0.945  -0.916   -0.945     0.996   \n",
       "\n",
       "          Rotatable  \n",
       "CM_SK_37      0.901  \n",
       "CM_SK_4       0.875  \n",
       "CM_Ve_37      0.935  \n",
       "CM_Ve_4       0.905  \n",
       "Papp_SK       0.918  \n",
       "Papp_Ve       0.756  \n",
       "MW            0.963  \n",
       "logD7.4        0.99  \n",
       "logP           0.99  \n",
       "logkp        -0.726  \n",
       "PSA            1.0*  \n",
       "pKa          -0.945  \n",
       "logS         -0.916  \n",
       "Donors       -0.945  \n",
       "Acceptors     0.996  \n",
       "Rotatable    1.0***  "
      ]
     },
     "execution_count": 6,
     "metadata": {},
     "output_type": "execute_result"
    }
   ],
   "source": [
    "from scipy.stats import pearsonr\n",
    "rho = df2.corr()\n",
    "pval = df2.corr(method=lambda x, y: pearsonr(x, y)[1]) - np.eye(*rho.shape)\n",
    "p = pval.applymap(lambda x: ''.join(['*' for t in [0.001,0.01,0.05] if x<=t]))\n",
    "Res_pearson_sig = rho.round(3).astype(str) + p\n",
    "Res_pearson_sig.to_csv('Res_pearson_sig.csv')\n",
    "Res_pearson_sig"
   ]
  },
  {
   "cell_type": "code",
   "execution_count": 7,
   "id": "caa6bc5b-a00b-462f-b32f-563bd541e227",
   "metadata": {},
   "outputs": [
    {
     "data": {
      "text/html": [
       "<div>\n",
       "<style scoped>\n",
       "    .dataframe tbody tr th:only-of-type {\n",
       "        vertical-align: middle;\n",
       "    }\n",
       "\n",
       "    .dataframe tbody tr th {\n",
       "        vertical-align: top;\n",
       "    }\n",
       "\n",
       "    .dataframe thead th {\n",
       "        text-align: right;\n",
       "    }\n",
       "</style>\n",
       "<table border=\"1\" class=\"dataframe\">\n",
       "  <thead>\n",
       "    <tr style=\"text-align: right;\">\n",
       "      <th></th>\n",
       "      <th>CM_SK_37</th>\n",
       "      <th>CM_SK_4</th>\n",
       "      <th>CM_Ve_37</th>\n",
       "      <th>CM_Ve_4</th>\n",
       "      <th>Papp_SK</th>\n",
       "      <th>Papp_Ve</th>\n",
       "      <th>MW</th>\n",
       "      <th>logD7.4</th>\n",
       "      <th>logP</th>\n",
       "      <th>logkp</th>\n",
       "      <th>PSA</th>\n",
       "      <th>pKa</th>\n",
       "      <th>logS</th>\n",
       "      <th>Donors</th>\n",
       "      <th>Acceptors</th>\n",
       "      <th>Rotatable</th>\n",
       "    </tr>\n",
       "  </thead>\n",
       "  <tbody>\n",
       "    <tr>\n",
       "      <th>CM_SK_37</th>\n",
       "      <td>0.000000</td>\n",
       "      <td>0.037012</td>\n",
       "      <td>0.053853</td>\n",
       "      <td>0.565698</td>\n",
       "      <td>0.025168</td>\n",
       "      <td>0.169056</td>\n",
       "      <td>0.458320</td>\n",
       "      <td>3.765725e-01</td>\n",
       "      <td>3.765725e-01</td>\n",
       "      <td>0.767780</td>\n",
       "      <td>0.269736</td>\n",
       "      <td>0.497610</td>\n",
       "      <td>0.548568</td>\n",
       "      <td>0.497610</td>\n",
       "      <td>0.343189</td>\n",
       "      <td>0.285315</td>\n",
       "    </tr>\n",
       "    <tr>\n",
       "      <th>CM_SK_4</th>\n",
       "      <td>0.037012</td>\n",
       "      <td>0.000000</td>\n",
       "      <td>0.090865</td>\n",
       "      <td>0.602711</td>\n",
       "      <td>0.062180</td>\n",
       "      <td>0.132044</td>\n",
       "      <td>0.495332</td>\n",
       "      <td>4.135847e-01</td>\n",
       "      <td>4.135847e-01</td>\n",
       "      <td>0.804793</td>\n",
       "      <td>0.306748</td>\n",
       "      <td>0.534622</td>\n",
       "      <td>0.585580</td>\n",
       "      <td>0.534622</td>\n",
       "      <td>0.380201</td>\n",
       "      <td>0.322327</td>\n",
       "    </tr>\n",
       "    <tr>\n",
       "      <th>CM_Ve_37</th>\n",
       "      <td>0.053853</td>\n",
       "      <td>0.090865</td>\n",
       "      <td>0.000000</td>\n",
       "      <td>0.511845</td>\n",
       "      <td>0.028685</td>\n",
       "      <td>0.222909</td>\n",
       "      <td>0.404467</td>\n",
       "      <td>3.227196e-01</td>\n",
       "      <td>3.227196e-01</td>\n",
       "      <td>0.713928</td>\n",
       "      <td>0.215883</td>\n",
       "      <td>0.443757</td>\n",
       "      <td>0.494715</td>\n",
       "      <td>0.443757</td>\n",
       "      <td>0.289336</td>\n",
       "      <td>0.231462</td>\n",
       "    </tr>\n",
       "    <tr>\n",
       "      <th>CM_Ve_4</th>\n",
       "      <td>0.565698</td>\n",
       "      <td>0.602711</td>\n",
       "      <td>0.511845</td>\n",
       "      <td>0.000000</td>\n",
       "      <td>0.540531</td>\n",
       "      <td>0.734755</td>\n",
       "      <td>0.107378</td>\n",
       "      <td>1.891258e-01</td>\n",
       "      <td>1.891258e-01</td>\n",
       "      <td>0.202082</td>\n",
       "      <td>0.295963</td>\n",
       "      <td>0.068088</td>\n",
       "      <td>0.017131</td>\n",
       "      <td>0.068088</td>\n",
       "      <td>0.222509</td>\n",
       "      <td>0.280384</td>\n",
       "    </tr>\n",
       "    <tr>\n",
       "      <th>Papp_SK</th>\n",
       "      <td>0.025168</td>\n",
       "      <td>0.062180</td>\n",
       "      <td>0.028685</td>\n",
       "      <td>0.540531</td>\n",
       "      <td>0.000000</td>\n",
       "      <td>0.194224</td>\n",
       "      <td>0.433152</td>\n",
       "      <td>3.514048e-01</td>\n",
       "      <td>3.514048e-01</td>\n",
       "      <td>0.742613</td>\n",
       "      <td>0.244568</td>\n",
       "      <td>0.472443</td>\n",
       "      <td>0.523400</td>\n",
       "      <td>0.472443</td>\n",
       "      <td>0.318022</td>\n",
       "      <td>0.260147</td>\n",
       "    </tr>\n",
       "    <tr>\n",
       "      <th>Papp_Ve</th>\n",
       "      <td>0.169056</td>\n",
       "      <td>0.132044</td>\n",
       "      <td>0.222909</td>\n",
       "      <td>0.734755</td>\n",
       "      <td>0.194224</td>\n",
       "      <td>0.000000</td>\n",
       "      <td>0.627376</td>\n",
       "      <td>5.456289e-01</td>\n",
       "      <td>5.456289e-01</td>\n",
       "      <td>0.936837</td>\n",
       "      <td>0.438792</td>\n",
       "      <td>0.666667</td>\n",
       "      <td>0.717624</td>\n",
       "      <td>0.666667</td>\n",
       "      <td>0.512246</td>\n",
       "      <td>0.454371</td>\n",
       "    </tr>\n",
       "    <tr>\n",
       "      <th>MW</th>\n",
       "      <td>0.458320</td>\n",
       "      <td>0.495332</td>\n",
       "      <td>0.404467</td>\n",
       "      <td>0.107378</td>\n",
       "      <td>0.433152</td>\n",
       "      <td>0.627376</td>\n",
       "      <td>0.000000</td>\n",
       "      <td>8.174744e-02</td>\n",
       "      <td>8.174744e-02</td>\n",
       "      <td>0.309461</td>\n",
       "      <td>0.188584</td>\n",
       "      <td>0.039290</td>\n",
       "      <td>0.090248</td>\n",
       "      <td>0.039290</td>\n",
       "      <td>0.115131</td>\n",
       "      <td>0.173005</td>\n",
       "    </tr>\n",
       "    <tr>\n",
       "      <th>logD7.4</th>\n",
       "      <td>0.376573</td>\n",
       "      <td>0.413585</td>\n",
       "      <td>0.322720</td>\n",
       "      <td>0.189126</td>\n",
       "      <td>0.351405</td>\n",
       "      <td>0.545629</td>\n",
       "      <td>0.081747</td>\n",
       "      <td>0.000000e+00</td>\n",
       "      <td>1.341576e-08</td>\n",
       "      <td>0.391208</td>\n",
       "      <td>0.106837</td>\n",
       "      <td>0.121038</td>\n",
       "      <td>0.171995</td>\n",
       "      <td>0.121038</td>\n",
       "      <td>0.033383</td>\n",
       "      <td>0.091258</td>\n",
       "    </tr>\n",
       "    <tr>\n",
       "      <th>logP</th>\n",
       "      <td>0.376573</td>\n",
       "      <td>0.413585</td>\n",
       "      <td>0.322720</td>\n",
       "      <td>0.189126</td>\n",
       "      <td>0.351405</td>\n",
       "      <td>0.545629</td>\n",
       "      <td>0.081747</td>\n",
       "      <td>1.341576e-08</td>\n",
       "      <td>0.000000e+00</td>\n",
       "      <td>0.391208</td>\n",
       "      <td>0.106837</td>\n",
       "      <td>0.121038</td>\n",
       "      <td>0.171995</td>\n",
       "      <td>0.121038</td>\n",
       "      <td>0.033383</td>\n",
       "      <td>0.091258</td>\n",
       "    </tr>\n",
       "    <tr>\n",
       "      <th>logkp</th>\n",
       "      <td>0.767780</td>\n",
       "      <td>0.804793</td>\n",
       "      <td>0.713928</td>\n",
       "      <td>0.202082</td>\n",
       "      <td>0.742613</td>\n",
       "      <td>0.936837</td>\n",
       "      <td>0.309461</td>\n",
       "      <td>3.912080e-01</td>\n",
       "      <td>3.912080e-01</td>\n",
       "      <td>0.000000</td>\n",
       "      <td>0.498045</td>\n",
       "      <td>0.270170</td>\n",
       "      <td>0.219213</td>\n",
       "      <td>0.270170</td>\n",
       "      <td>0.424591</td>\n",
       "      <td>0.482466</td>\n",
       "    </tr>\n",
       "    <tr>\n",
       "      <th>PSA</th>\n",
       "      <td>0.269736</td>\n",
       "      <td>0.306748</td>\n",
       "      <td>0.215883</td>\n",
       "      <td>0.295963</td>\n",
       "      <td>0.244568</td>\n",
       "      <td>0.438792</td>\n",
       "      <td>0.188584</td>\n",
       "      <td>1.068368e-01</td>\n",
       "      <td>1.068368e-01</td>\n",
       "      <td>0.498045</td>\n",
       "      <td>0.000000</td>\n",
       "      <td>0.227875</td>\n",
       "      <td>0.278832</td>\n",
       "      <td>0.227875</td>\n",
       "      <td>0.073454</td>\n",
       "      <td>0.015579</td>\n",
       "    </tr>\n",
       "    <tr>\n",
       "      <th>pKa</th>\n",
       "      <td>0.497610</td>\n",
       "      <td>0.534622</td>\n",
       "      <td>0.443757</td>\n",
       "      <td>0.068088</td>\n",
       "      <td>0.472443</td>\n",
       "      <td>0.666667</td>\n",
       "      <td>0.039290</td>\n",
       "      <td>1.210377e-01</td>\n",
       "      <td>1.210377e-01</td>\n",
       "      <td>0.270170</td>\n",
       "      <td>0.227875</td>\n",
       "      <td>0.000000</td>\n",
       "      <td>0.050957</td>\n",
       "      <td>0.000000</td>\n",
       "      <td>0.154421</td>\n",
       "      <td>0.212296</td>\n",
       "    </tr>\n",
       "    <tr>\n",
       "      <th>logS</th>\n",
       "      <td>0.548568</td>\n",
       "      <td>0.585580</td>\n",
       "      <td>0.494715</td>\n",
       "      <td>0.017131</td>\n",
       "      <td>0.523400</td>\n",
       "      <td>0.717624</td>\n",
       "      <td>0.090248</td>\n",
       "      <td>1.719951e-01</td>\n",
       "      <td>1.719951e-01</td>\n",
       "      <td>0.219213</td>\n",
       "      <td>0.278832</td>\n",
       "      <td>0.050957</td>\n",
       "      <td>0.000000</td>\n",
       "      <td>0.050957</td>\n",
       "      <td>0.205378</td>\n",
       "      <td>0.263253</td>\n",
       "    </tr>\n",
       "    <tr>\n",
       "      <th>Donors</th>\n",
       "      <td>0.497610</td>\n",
       "      <td>0.534622</td>\n",
       "      <td>0.443757</td>\n",
       "      <td>0.068088</td>\n",
       "      <td>0.472443</td>\n",
       "      <td>0.666667</td>\n",
       "      <td>0.039290</td>\n",
       "      <td>1.210377e-01</td>\n",
       "      <td>1.210377e-01</td>\n",
       "      <td>0.270170</td>\n",
       "      <td>0.227875</td>\n",
       "      <td>0.000000</td>\n",
       "      <td>0.050957</td>\n",
       "      <td>0.000000</td>\n",
       "      <td>0.154421</td>\n",
       "      <td>0.212296</td>\n",
       "    </tr>\n",
       "    <tr>\n",
       "      <th>Acceptors</th>\n",
       "      <td>0.343189</td>\n",
       "      <td>0.380201</td>\n",
       "      <td>0.289336</td>\n",
       "      <td>0.222509</td>\n",
       "      <td>0.318022</td>\n",
       "      <td>0.512246</td>\n",
       "      <td>0.115131</td>\n",
       "      <td>3.338324e-02</td>\n",
       "      <td>3.338324e-02</td>\n",
       "      <td>0.424591</td>\n",
       "      <td>0.073454</td>\n",
       "      <td>0.154421</td>\n",
       "      <td>0.205378</td>\n",
       "      <td>0.154421</td>\n",
       "      <td>0.000000</td>\n",
       "      <td>0.057875</td>\n",
       "    </tr>\n",
       "    <tr>\n",
       "      <th>Rotatable</th>\n",
       "      <td>0.285315</td>\n",
       "      <td>0.322327</td>\n",
       "      <td>0.231462</td>\n",
       "      <td>0.280384</td>\n",
       "      <td>0.260147</td>\n",
       "      <td>0.454371</td>\n",
       "      <td>0.173005</td>\n",
       "      <td>9.125790e-02</td>\n",
       "      <td>9.125790e-02</td>\n",
       "      <td>0.482466</td>\n",
       "      <td>0.015579</td>\n",
       "      <td>0.212296</td>\n",
       "      <td>0.263253</td>\n",
       "      <td>0.212296</td>\n",
       "      <td>0.057875</td>\n",
       "      <td>0.000000</td>\n",
       "    </tr>\n",
       "  </tbody>\n",
       "</table>\n",
       "</div>"
      ],
      "text/plain": [
       "           CM_SK_37   CM_SK_4  CM_Ve_37   CM_Ve_4   Papp_SK   Papp_Ve  \\\n",
       "CM_SK_37   0.000000  0.037012  0.053853  0.565698  0.025168  0.169056   \n",
       "CM_SK_4    0.037012  0.000000  0.090865  0.602711  0.062180  0.132044   \n",
       "CM_Ve_37   0.053853  0.090865  0.000000  0.511845  0.028685  0.222909   \n",
       "CM_Ve_4    0.565698  0.602711  0.511845  0.000000  0.540531  0.734755   \n",
       "Papp_SK    0.025168  0.062180  0.028685  0.540531  0.000000  0.194224   \n",
       "Papp_Ve    0.169056  0.132044  0.222909  0.734755  0.194224  0.000000   \n",
       "MW         0.458320  0.495332  0.404467  0.107378  0.433152  0.627376   \n",
       "logD7.4    0.376573  0.413585  0.322720  0.189126  0.351405  0.545629   \n",
       "logP       0.376573  0.413585  0.322720  0.189126  0.351405  0.545629   \n",
       "logkp      0.767780  0.804793  0.713928  0.202082  0.742613  0.936837   \n",
       "PSA        0.269736  0.306748  0.215883  0.295963  0.244568  0.438792   \n",
       "pKa        0.497610  0.534622  0.443757  0.068088  0.472443  0.666667   \n",
       "logS       0.548568  0.585580  0.494715  0.017131  0.523400  0.717624   \n",
       "Donors     0.497610  0.534622  0.443757  0.068088  0.472443  0.666667   \n",
       "Acceptors  0.343189  0.380201  0.289336  0.222509  0.318022  0.512246   \n",
       "Rotatable  0.285315  0.322327  0.231462  0.280384  0.260147  0.454371   \n",
       "\n",
       "                 MW       logD7.4          logP     logkp       PSA       pKa  \\\n",
       "CM_SK_37   0.458320  3.765725e-01  3.765725e-01  0.767780  0.269736  0.497610   \n",
       "CM_SK_4    0.495332  4.135847e-01  4.135847e-01  0.804793  0.306748  0.534622   \n",
       "CM_Ve_37   0.404467  3.227196e-01  3.227196e-01  0.713928  0.215883  0.443757   \n",
       "CM_Ve_4    0.107378  1.891258e-01  1.891258e-01  0.202082  0.295963  0.068088   \n",
       "Papp_SK    0.433152  3.514048e-01  3.514048e-01  0.742613  0.244568  0.472443   \n",
       "Papp_Ve    0.627376  5.456289e-01  5.456289e-01  0.936837  0.438792  0.666667   \n",
       "MW         0.000000  8.174744e-02  8.174744e-02  0.309461  0.188584  0.039290   \n",
       "logD7.4    0.081747  0.000000e+00  1.341576e-08  0.391208  0.106837  0.121038   \n",
       "logP       0.081747  1.341576e-08  0.000000e+00  0.391208  0.106837  0.121038   \n",
       "logkp      0.309461  3.912080e-01  3.912080e-01  0.000000  0.498045  0.270170   \n",
       "PSA        0.188584  1.068368e-01  1.068368e-01  0.498045  0.000000  0.227875   \n",
       "pKa        0.039290  1.210377e-01  1.210377e-01  0.270170  0.227875  0.000000   \n",
       "logS       0.090248  1.719951e-01  1.719951e-01  0.219213  0.278832  0.050957   \n",
       "Donors     0.039290  1.210377e-01  1.210377e-01  0.270170  0.227875  0.000000   \n",
